width=100
height=100
depth=100
pixel_bytes=2
bigendian=0
lx=1.000000
ly=1.000000
lz=1.000000
unit=um
signed=1
